$MeshFormat
2.2 0 8
$EndMeshFormat
$Nodes
27
1 -0.5 -0.5 -0.5
2 0.5 -0.5 -0.5
3 0.5 0.5 -0.5
4 -0.5 0.5 -0.5
5 -0.5 -0.5 0.5
6 0.5 -0.5 0.5
7 0.5 0.5 0.5
8 -0.5 0.5 0.5
9 0 -0.5 -0.5
10 -0.5 0 -0.5
11 -0.5 -0.5 0
12 0.5 0 -0.5
13 0.5 -0.5 0
14 0 0.5 -0.5
15 0.5 0.5 0
16 -0.5 0.5 0
17 0 -0.5 0.5
18 -0.5 0 0.5
19 0.5 0 0.5
20 0 0.5 0.5
21 0 0 -0.5
22 0 -0.5 0
23 -0.5 0 0
24 0.5 0 0
25 0 0.5 0
26 0 0 0.5
27 0 0 0
$EndNodes
$Elements
8
1 5 2 0 1 5 17 22 11 18 26 27 23
2 5 2 0 1 17 6 13 22 26 19 24 27
3 5 2 0 1 22 13 2 9 27 24 12 21
4 5 2 0 1 11 22 9 1 23 27 21 10
5 5 2 0 1 18 26 27 23 8 20 25 16
6 5 2 0 1 26 19 24 27 20 7 15 25
7 5 2 0 1 27 24 12 21 25 15 3 14
8 5 2 0 1 23 27 21 10 16 25 14 4
$EndElements